US Monthly Average Corn Price Received 
for the 1970 - 2015 Calendar Year(s)

Year	Jan	Feb	Mar	Apr	May	Jun	Jul	Aug	Sep	Oct	Nov	Dec	Avg*
$/bu.						
1970	1.12	1.14	1.13	1.15	1.18	1.21	1.24	1.27	1.38	1.34	1.29	1.36	1.23
1971	1.42	1.43	1.43	1.41	1.38	1.43	1.36	1.19	1.11	1.00	0.97	1.08	1.27
1972	1.09	1.09	1.10	1.13	1.15	1.13	1.14	1.15	1.22	1.19	1.20	1.42	1.17
1973	1.39	1.35	1.37	1.42	1.61	1.99	2.03	2.68	2.15	2.17	2.18	2.39	1.89
1974	2.59	2.76	2.68	2.41	2.45	2.57	2.91	3.37	3.30	3.45	3.32	3.27	2.92
1975	3.07	2.86	2.67	2.68	2.66	2.68	2.72	2.95	2.76	2.62	2.33	2.37	2.70
1976	2.44	2.48	2.50	2.46	2.61	2.74	2.82	2.64	2.60	2.33	2.02	2.24	2.49
1977	2.34	2.34	2.35	2.31	2.25	2.12	1.88	1.63	1.60	1.67	1.88	1.97	2.03
1978	2.00	2.03	2.15	2.24	2.29	2.28	2.16	2.01	1.98	1.97	2.02	2.09	2.10
1979	2.11	2.18	2.22	2.27	2.35	2.49	2.64	2.54	2.51	2.41	2.27	2.38	2.36
1980	2.45	2.39	2.40	2.36	2.42	2.49	2.73	2.92	3.01	2.99	3.10	3.19	2.70
1981	3.19	3.22	3.25	3.24	3.24	3.17	3.14	2.87	2.55	2.45	2.34	2.39	2.92
1982	2.54	2.44	2.46	2.55	2.60	2.57	2.50	2.30	2.15	1.98	2.13	2.26	2.37
1983	2.36	2.56	2.71	2.95	3.03	3.04	3.13	3.35	3.32	3.15	3.17	3.15	2.99
1984	3.15	3.11	3.21	3.32	3.34	3.36	3.30	3.12	2.90	2.65	2.55	2.56	3.05
1985	2.64	2.62	2.67	2.70	2.68	2.64	2.60	2.44	2.29	2.11	2.21	2.29	2.49
1986	2.33	2.32	2.29	2.30	2.39	2.32	2.00	1.73	1.45	1.40	1.47	1.50	1.96
1987	1.48	1.42	1.47	1.52	1.66	1.69	1.60	1.47	1.49	1.55	1.61	1.72	1.56
1988	1.77	1.83	1.86	1.88	1.94	2.41	2.72	2.65	2.60	2.58	2.51	2.53	2.27
1989	2.60	2.59	2.60	2.56	2.58	2.52	2.47	2.27	2.29	2.22	2.24	2.27	2.43
1990	2.31	2.32	2.37	2.51	2.62	2.63	2.62	2.51	2.32	2.19	2.16	2.22	2.40
1991	2.27	2.32	2.39	2.42	2.38	2.31	2.27	2.33	2.33	2.31	2.29	2.33	2.33
1992	2.40	2.46	2.49	2.48	2.49	2.47	2.33	2.15	2.16	2.05	1.98	2.30	2.31
1993	2.03	2.00	2.10	2.16	2.14	2.09	2.22	2.25	2.21	2.28	2.45	2.67	2.22
1994	2.70	2.79	2.74	2.65	2.60	2.61	2.29	2.16	2.19	2.06	1.99	2.13	2.41
1995	2.19	2.23	2.30	2.36	2.42	2.51	2.63	2.63	2.69	2.79	2.87	3.07	2.56
1996	3.09	3.37	3.51	3.85	4.14	4.20	4.43	4.30	3.56	2.88	2.66	2.63	3.55
1997	2.69	2.65	2.79	2.80	2.69	2.56	2.42	2.50	2.52	2.54	2.51	2.52	2.60
1998	2.56	2.55	2.55	2.41	2.34	2.28	2.19	1.89	1.84	1.91	1.93	2.00	2.20
1999	2.06	2.05	2.06	2.04	1.99	1.97	1.74	1.75	1.75	1.69	1.70	1.82	1.89
2000	1.91	1.98	2.03	2.03	2.11	1.91	1.64	1.52	1.61	1.74	1.86	1.97	1.86
2001	1.98	1.96	1.96	1.89	1.82	1.76	1.87	1.90	1.91	1.84	1.85	1.98	1.89
2002	1.97	1.93	1.94	1.91	1.93	1.97	2.13	2.38	2.47	2.34	2.28	2.32	2.13
2003	2.33	2.34	2.33	2.34	2.38	2.34	2.17	2.15	2.20	2.12	2.20	2.31	2.27
2004	2.39	2.61	2.75	2.89	2.87	2.79	2.51	2.34	2.20	2.15	2.05	2.04	2.47
2005	2.12	1.95	2.02	2.00	1.98	2.03	2.11	1.95	1.90	1.82	1.77	1.92	1.96
2006	2.00	2.02	2.06	2.11	2.17	2.14	2.14	2.09	2.20	2.54	2.87	3.01	2.28
2007	3.05	3.44	3.43	3.39	3.49	3.51	3.32	3.26	3.29	3.29	3.43	3.76	3.39
2008	3.97	4.53	4.70	5.15	5.28	5.48	5.24	5.26	5.02	4.37	4.26	4.10	4.78
2009	4.36	3.87	3.86	3.85	3.97	4.03	3.60	3.33	3.25	3.61	3.65	3.59	3.75
2010	3.66	3.55	3.55	3.41	3.48	3.41	3.49	3.65	4.08	4.32	4.55	4.82	3.83
2011	4.94	5.64	5.53	6.35	6.30	6.38	6.32	6.88	6.37	5.71	5.84	5.86	6.01
2012	6.07	6.28	6.35	6.34	6.33	6.37	7.14	7.63	6.89	6.77	7.02	6.87	6.67
2013	6.96	7.04	7.13	6.97	6.97	6.97	6.79	6.21	5.40	4.61	4.35	4.41	6.15
2014	4.42	4.35	4.51	4.71	4.71	4.49	4.05	3.63	3.48	3.56	3.58	3.78	4.11
2015	3.81	3.79
