20040101
20040102
20040103
20040104
20040105
20040106
20040107
20040108
20040109
20040110
20040111
20040112
20040113
20040114
20040115
20040116
20040117
20040118
20040119
20040120
20040121
20040122
20040123
20040124
20040125
20040126
20040127
20040128
20040129
20040130
20040131
20040201
20040202
20040203
20040204
20040205
20040206
20040207
20040208
20040209
20040210
20040211
20040212
20040213
20040214
20040215
20040216
20040217
20040218
20040219
20040220
20040221
20040222
20040223
20040224
20040225
20040226
20040227
20040228
20040229
20040301
20040302
20040303
20040304
20040305
20040306
20040307
20040308
20040309
20040310
20040311
20040312
20040313
20040314
20040315
20040316
20040317
20040318
20040319
20040320
20040321
20040322
20040323
20040324
20040325
20040326
20040327
20040328
20040329
20040330
20040331
20040401
20040402
20040403
20040404
20040405
20040406
20040407
20040408
20040409
20040410
20040411
20040412
20040413
20040414
20040415
20040416
20040417
20040418
20040419
20040420
20040421
20040422
20040423
20040424
20040425
20040426
20040427
20040428
20040429
20040430
20040501
20040502
20040503
20040504
20040505
20040506
20040507
20040508
20040509
20040510
20040511
20040512
20040513
20040514
20040515
20040516
20040517
20040518
20040519
20040520
20040521
20040522
20040523
20040524
20040525
20040526
20040527
20040528
20040529
20040530
20040531
20040601
20040602
20040603
20040604
20040605
20040606
20040607
20040608
20040609
20040610
20040611
20040612
20040613
20040614
20040615
20040616
20040617
20040618
20040619
20040620
20040621
20040622
20040623
20040624
20040625
20040626
20040627
20040628
20040629
20040630
20040701
20040702
20040703
20040704
20040705
20040706
20040707
20040708
20040709
20040710
20040711
20040712
20040713
20040714
20040715
20040716
20040717
20040718
20040719
20040720
20040721
20040722
20040723
20040724
20040725
20040726
20040727
20040728
20040729
20040730
20040731
20040801
20040802
20040803
20040804
20040805
20040806
20040807
20040808
20040809
20040810
20040811
20040812
20040813
20040814
20040815
20040816
20040817
20040818
20040819
20040820
20040821
20040822
20040823
20040824
20040825
20040826
20040827
20040828
20040829
20040830
20040831
20040901
20040902
20040903
20040904
20040905
20040906
20040907
20040908
20040909
20040910
20040911
20040912
20040913
20040914
20040915
20040916
20040917
20040918
20040919
20040920
20040921
20040922
20040923
20040924
20040925
20040926
20040927
20040928
20040929
20040930
20041001
20041002
20041003
20041004
20041005
20041006
20041007
20041008
20041009
20041010
20041011
20041012
20041013
20041014
20041015
20041016
20041017
20041018
20041019
20041020
20041021
20041022
20041023
20041024
20041025
20041026
20041027
20041028
20041029
20041030
20041031
20041101
20041102
20041103
20041104
20041105
20041106
20041107
20041108
20041109
20041110
20041111
20041112
20041113
20041114
20041115
20041116
20041117
20041118
20041119
20041120
20041121
20041122
20041123
20041124
20041125
20041126
20041127
20041128
20041129
20041130
20041201
20041202
20041203
20041204
20041205
20041206
20041207
20041208
20041209
20041210
20041211
20041212
20041213
20041214
20041215
20041216
20041217
20041218
20041219
20041220
20041221
20041222
20041223
20041224
20041225
20041226
20041227
20041228
20041229
20041230
20041231
20050101
20050102
20050103
20050104
20050105
20050106
20050107
20050108
20050109
20050110
20050111
20050112
20050113
20050114
20050115
20050116
20050117
20050118
20050119
20050120
20050121
20050122
20050123
20050124
20050125
20050126
20050127
20050128
20050129
20050130
20050131
20050201
20050202
20050203
20050204
20050205
20050206
20050207
20050208
20050209
20050210
20050211
20050212
20050213
20050214
20050215
20050216
20050217
20050218
20050219
20050220
20050221
20050222
20050223
20050224
20050225
20050226
20050227
20050228
20050301
20050302
20050303
20050304
20050305
20050306
20050307
20050308
20050309
20050310
20050311
20050312
20050313
20050314
20050315
20050316
20050317
20050318
20050319
20050320
20050321
20050322
20050323
20050324
20050325
20050326
20050327
20050328
20050329
20050330
20050331
20050401
20050402
20050403
20050404
20050405
20050406
20050407
20050408
20050409
20050410
20050411
20050412
20050413
20050414
20050415
20050416
20050417
20050418
20050419
20050420
20050421
20050422
20050423
20050424
20050425
20050426
20050427
20050428
20050429
20050430
20050501
20050502
20050503
20050504
20050505
20050506
20050507
20050508
20050509
20050510
20050511
20050512
20050513
20050514
20050515
20050516
20050517
20050518
20050519
20050520
20050521
20050522
20050523
20050524
20050525
20050526
20050527
20050528
20050529
20050530
20050531
20050601
20050602
20050603
20050604
20050605
20050606
20050607
20050608
20050609
20050610
20050611
20050612
20050613
20050614
20050615
20050616
20050617
20050618
20050619
20050620
20050621
20050622
20050623
20050624
20050625
20050626
20050627
20050628
20050629
20050630
20050701
20050702
20050703
20050704
20050705
20050706
20050707
20050708
20050709
20050710
20050711
20050712
20050713
20050714
20050715
20050716
20050717
20050718
20050719
20050720
20050721
20050722
20050723
20050724
20050725
20050726
20050727
20050728
20050729
20050730
20050731
20050801
20050802
20050803
20050804
20050805
20050806
20050807
20050808
20050809
20050810
20050811
20050812
20050813
20050814
20050815
20050816
20050817
20050818
20050819
20050820
20050821
20050822
20050823
20050824
20050825
20050826
20050827
20050828
20050829
20050830
20050831
20050901
20050902
20050903
20050904
20050905
20050906
20050907
20050908
20050909
20050910
20050911
20050912
20050913
20050914
20050915
20050916
20050917
20050918
20050919
20050920
20050921
20050922
20050923
20050924
20050925
20050926
20050927
20050928
20050929
20050930
20051001
20051002
20051003
20051004
20051005
20051006
20051007
20051008
20051009
20051010
20051011
20051012
20051013
20051014
20051015
20051016
20051017
20051018
20051019
20051020
20051021
20051022
20051023
20051024
20051025
20051026
20051027
20051028
20051029
20051030
20051031
20051101
20051102
20051103
20051104
20051105
20051106
20051107
20051108
20051109
20051110
20051111
20051112
20051113
20051114
20051115
20051116
20051117
20051118
20051119
20051120
20051121
20051122
20051123
20051124
20051125
20051126
20051127
20051128
20051129
20051130
20051201
20051202
20051203
20051204
20051205
20051206
20051207
20051208
20051209
20051210
20051211
20051212
20051213
20051214
20051215
20051216
20051217
20051218
20051219
20051220
20051221
20051222
20051223
20051224
20051225
20051226
20051227
20051228
20051229
20051230
20051231
20060101
20060102
20060103
20060104
20060105
20060106
20060107
20060108
20060109
20060110
20060111
20060112
20060113
20060114
20060115
20060116
20060117
20060118
20060119
20060120
20060121
20060122
20060123
20060124
20060125
20060126
20060127
20060128
20060129
20060130
20060131
20060201
20060202
20060203
20060204
20060205
20060206
20060207
20060208
20060209
20060210
20060211
20060212
20060213
20060214
20060215
20060216
20060217
20060218
20060219
20060220
20060221
20060222
20060223
20060224
20060225
20060226
20060227
20060228
20060301
20060302
20060303
20060304
20060305
20060306
20060307
20060308
20060309
20060310
20060311
20060312
20060313
20060314
20060315
20060316
20060317
20060318
20060319
20060320
20060321
20060322
20060323
20060324
20060325
20060326
20060327
20060328
20060329
20060330
20060331
20060401
20060402
20060403
20060404
20060405
20060406
20060407
20060408
20060409
20060410
20060411
20060412
20060413
20060414
20060415
20060416
20060417
20060418
20060419
20060420
20060421
20060422
20060423
20060424
20060425
20060426
20060427
20060428
20060429
20060430
20060501
20060502
20060503
20060504
20060505
20060506
20060507
20060508
20060509
20060510
20060511
20060512
20060513
20060514
20060515
20060516
20060517
20060518
20060519
20060520
20060521
20060522
20060523
20060524
20060525
20060526
20060527
20060528
20060529
20060530
20060531
20060601
20060602
20060603
20060604
20060605
20060606
20060607
20060608
20060609
20060610
20060611
20060612
20060613
20060614
20060615
20060616
20060617
20060618
20060619
20060620
20060621
20060622
20060623
20060624
20060625
20060626
20060627
20060628
20060629
20060630
20060701
20060702
20060703
20060704
20060705
20060706
20060707
20060708
20060709
20060710
20060711
20060712
20060713
20060714
20060715
20060716
20060717
20060718
20060719
20060720
20060721
20060722
20060723
20060724
20060725
20060726
20060727
20060728
20060729
20060730
20060731
20060801
20060802
20060803
20060804
20060805
20060806
20060807
20060808
20060809
20060810
20060811
20060812
20060813
20060814
20060815
20060816
20060817
20060818
20060819
20060820
20060821
20060822
20060823
20060824
20060825
20060826
20060827
20060828
20060829
20060830
20060831
20060901
20060902
20060903
20060904
20060905
20060906
20060907
20060908
20060909
20060910
20060911
20060912
20060913
20060914
20060915
20060916
20060917
20060918
20060919
20060920
20060921
20060922
20060923
20060924
20060925
20060926
20060927
20060928
20060929
20060930
20061001
20061002
20061003
20061004
20061005
20061006
20061007
20061008
20061009
20061010
20061011
20061012
20061013
20061014
20061015
20061016
20061017
20061018
20061019
20061020
20061021
20061022
20061023
20061024
20061025
20061026
20061027
20061028
20061029
20061030
20061031
20061101
20061102
20061103
20061104
20061105
20061106
20061107
20061108
20061109
20061110
20061111
20061112
20061113
20061114
20061115
20061116
20061117
20061118
20061119
20061120
20061121
20061122
20061123
20061124
20061125
20061126
20061127
20061128
20061129
20061130
20061201
20061202
20061203
20061204
20061205
20061206
20061207
20061208
20061209
20061210
20061211
20061212
20061213
20061214
20061215
20061216
20061217
20061218
20061219
20061220
20061221
20061222
20061223
20061224
20061225
20061226
20061227
20061228
20061229
20061230
20061231
20070101
20070102
20070103
20070104
20070105
20070106
20070107
20070108
20070109
20070110
20070111
20070112
20070113
20070114
20070115
20070116
20070117
20070118
20070119
20070120
20070121
20070122
20070123
20070124
20070125
20070126
20070127
20070128
20070129
20070130
20070131
20070201
20070202
20070203
20070204
20070205
20070206
20070207
20070208
20070209
20070210
20070211
20070212
20070213
20070214
20070215
20070216
20070217
20070218
20070219
20070220
20070221
20070222
20070223
20070224
20070225
20070226
20070227
20070228
20070301
20070302
20070303
20070304
20070305
20070306
20070307
20070308
20070309
20070310
20070311
20070312
20070313
20070314
20070315
20070316
20070317
20070318
20070319
20070320
20070321
20070322
20070323
20070324
20070325
20070326
20070327
20070328
20070329
20070330
20070331
20070401
20070402
20070403
20070404
20070405
20070406
20070407
20070408
20070409
20070410
20070411
20070412
20070413
20070414
20070415
20070416
20070417
20070418
20070419
20070420
20070421
20070422
20070423
20070424
20070425
20070426
20070427
20070428
20070429
20070430
20070501
20070502
20070503
20070504
20070505
20070506
20070507
20070508
20070509
20070510
20070511
20070512
20070513
20070514
20070515
20070516
20070517
20070518
20070519
20070520
20070521
20070522
20070523
20070524
20070525
20070526
20070527
20070528
20070529
20070530
20070531
20070601
20070602
20070603
20070604
20070605
20070606
20070607
20070608
20070609
20070610
20070611
20070612
20070613
20070614
20070615
20070616
20070617
20070618
20070619
20070620
20070621
20070622
20070623
20070624
20070625
20070626
20070627
20070628
20070629
20070630
20070701
20070702
20070703
20070704
20070705
20070706
20070707
20070708
20070709
20070710
20070711
20070712
20070713
20070714
20070715
20070716
20070717
20070718
20070719
20070720
20070721
20070722
20070723
20070724
20070725
20070726
20070727
20070728
20070729
20070730
20070731
20070801
20070802
20070803
20070804
20070805
20070806
20070807
20070808
20070809
20070810
20070811
20070812
20070813
20070814
20070815
20070816
20070817
20070818
20070819
20070820
20070821
20070822
20070823
20070824
20070825
20070826
20070827
20070828
20070829
20070830
20070831
20070901
20070902
20070903
20070904
20070905
20070906
20070907
20070908
20070909
20070910
20070911
20070912
20070913
20070914
20070915
20070916
20070917
20070918
20070919
20070920
20070921
20070922
20070923
20070924
20070925
20070926
20070927
20070928
20070929
20070930
20071001
20071002
20071003
20071004
20071005
20071006
20071007
20071008
20071009
20071010
20071011
20071012
20071013
20071014
20071015
20071016
20071017
20071018
20071019
20071020
20071021
20071022
20071023
20071024
20071025
20071026
20071027
20071028
20071029
20071030
20071031
20071101
20071102
20071103
20071104
20071105
20071106
20071107
20071108
20071109
20071110
20071111
20071112
20071113
20071114
20071115
20071116
20071117
20071118
20071119
20071120
20071121
20071122
20071123
20071124
20071125
20071126
20071127
20071128
20071129
20071130
20071201
20071202
20071203
20071204
20071205
20071206
20071207
20071208
20071209
20071210
20071211
20071212
20071213
20071214
20071215
20071216
20071217
20071218
20071219
20071220
20071221
20071222
20071223
20071224
20071225
20071226
20071227
20071228
20071229
20071230
20071231
20080101
20080102
20080103
20080104
20080105
20080106
20080107
20080108
20080109
20080110
20080111
20080112
20080113
20080114
20080115
20080116
20080117
20080118
20080119
20080120
20080121
20080122
20080123
20080124
20080125
20080126
20080127
20080128
20080129
20080130
20080131
20080201
20080202
20080203
20080204
20080205
20080206
20080207
20080208
20080209
20080210
20080211
20080212
20080213
20080214
20080215
20080216
20080217
20080218
20080219
20080220
20080221
20080222
20080223
20080224
20080225
20080226
20080227
20080228
20080229
20080301
20080302
20080303
20080304
20080305
20080306
20080307
20080308
20080309
20080310
20080311
20080312
20080313
20080314
20080315
20080316
20080317
20080318
20080319
20080320
20080321
20080322
20080323
20080324
20080325
20080326
20080327
20080328
20080329
20080330
20080331
20080401
20080402
20080403
20080404
20080405
20080406
20080407
20080408
20080409
20080410
20080411
20080412
20080413
20080414
20080415
20080416
20080417
20080418
20080419
20080420
20080421
20080422
20080423
20080424
20080425
20080426
20080427
20080428
20080429
20080430
20080501
20080502
20080503
20080504
20080505
20080506
20080507
20080508
20080509
20080510
20080511
20080512
20080513
20080514
20080515
20080516
20080517
20080518
20080519
20080520
20080521
20080522
20080523
20080524
20080525
20080526
20080527
20080528
20080529
20080530
20080531
20080601
20080602
20080603
20080604
20080605
20080606
20080607
20080608
20080609
20080610
20080611
20080612
20080613
20080614
20080615
20080616
20080617
20080618
20080619
20080620
20080621
20080622
20080623
20080624
20080625
20080626
20080627
20080628
20080629
20080630
20080701
20080702
20080703
20080704
20080705
20080706
20080707
20080708
20080709
20080710
20080711
20080712
20080713
20080714
20080715
20080716
20080717
20080718
20080719
20080720
20080721
20080722
20080723
20080724
20080725
20080726
20080727
20080728
20080729
20080730
20080731
20080801
20080802
20080803
20080804
20080805
20080806
20080807
20080808
20080809
20080810
20080811
20080812
20080813
20080814
20080815
20080816
20080817
20080818
20080819
20080820
20080821
20080822
20080823
20080824
20080825
20080826
20080827
20080828
20080829
20080830
20080831
20080901
20080902
20080903
20080904
20080905
20080906
20080907
20080908
20080909
20080910
20080911
20080912
20080913
20080914
20080915
20080916
20080917
20080918
20080919
20080920
20080921
20080922
20080923
20080924
20080925
20080926
20080927
20080928
20080929
20080930
20081001
20081002
20081003
20081004
20081005
20081006
20081007
20081008
20081009
20081010
20081011
20081012
20081013
20081014
20081015
20081016
20081017
20081018
20081019
20081020
20081021
20081022
20081023
20081024
20081025
20081026
20081027
20081028
20081029
20081030
20081031
20081101
20081102
20081103
20081104
20081105
20081106
20081107
20081108
20081109
20081110
20081111
20081112
20081113
20081114
20081115
20081116
20081117
20081118
20081119
20081120
20081121
20081122
20081123
20081124
20081125
20081126
20081127
20081128
20081129
20081130
20081201
20081202
20081203
20081204
20081205
20081206
20081207
20081208
20081209
20081210
20081211
20081212
20081213
20081214
20081215
20081216
20081217
20081218
20081219
20081220
20081221
20081222
20081223
20081224
20081225
20081226
20081227
20081228
20081229
20081230
20081231
20090101
20090102
20090103
20090104
20090105
20090106
20090107
20090108
20090109
20090110
20090111
20090112
20090113
20090114
20090115
20090116
20090117
20090118
20090119
20090120
20090121
20090122
20090123
20090124
20090125
20090126
20090127
20090128
20090129
20090130
20090131
20090201
20090202
20090203
20090204
20090205
20090206
20090207
20090208
20090209
20090210
20090211
20090212
20090213
20090214
20090215
20090216
20090217
20090218
20090219
20090220
20090221
20090222
20090223
20090224
20090225
20090226
20090227
20090228
20090301
20090302
20090303
20090304
20090305
20090306
20090307
20090308
20090309
20090310
20090311
20090312
20090313
20090314
20090315
20090316
20090317
20090318
20090319
20090320
20090321
20090322
20090323
20090324
20090325
20090326
20090327
20090328
20090329
20090330
20090331
20090401
20090402
20090403
20090404
20090405
20090406
20090407
20090408
20090409
20090410
20090411
20090412
20090413
20090414
20090415
20090416
20090417
20090418
20090419
20090420
20090421
20090422
20090423
20090424
20090425
20090426
20090427
20090428
20090429
20090430
20090501
20090502
20090503
20090504
20090505
20090506
20090507
20090508
20090509
20090510
20090511
20090512
20090513
20090514
20090515
20090516
20090517
20090518
20090519
20090520
20090521
20090522
20090523
20090524
20090525
20090526
20090527
20090528
20090529
20090530
20090531
20090601
20090602
20090603
20090604
20090605
20090606
20090607
20090608
20090609
20090610
20090611
20090612
20090613
20090614
20090615
20090616
20090617
20090618
20090619
20090620
20090621
20090622
20090623
20090624
20090625
20090626
20090627
20090628
20090629
20090630
20090701
20090702
20090703
20090704
20090705
20090706
20090707
20090708
20090709
20090710
20090711
20090712
20090713
20090714
20090715
20090716
20090717
20090718
20090719
20090720
20090721
20090722
20090723
20090724
20090725
20090726
20090727
20090728
20090729
20090730
20090731
20090801
20090802
20090803
20090804
20090805
20090806
20090807
20090808
20090809
20090810
20090811
20090812
20090813
20090814
20090815
20090816
20090817
20090818
20090819
20090820
20090821
20090822
20090823
20090824
20090825
20090826
20090827
20090828
20090829
20090830
20090831
20090901
20090902
20090903
20090904
20090905
20090906
20090907
20090908
20090909
20090910
20090911
20090912
20090913
20090914
20090915
20090916
20090917
20090918
20090919
20090920
20090921
20090922
20090923
20090924
20090925
20090926
20090927
20090928
20090929
20090930
20091001
20091002
20091003
20091004
20091005
20091006
20091007
20091008
20091009
20091010
20091011
20091012
20091013
20091014
20091015
20091016
20091017
20091018
20091019
20091020
20091021
20091022
20091023
20091024
20091025
20091026
20091027
20091028
20091029
20091030
20091031
20091101
20091102
20091103
20091104
20091105
20091106
20091107
20091108
20091109
20091110
20091111
20091112
20091113
20091114
20091115
20091116
20091117
20091118
20091119
20091120
20091121
20091122
20091123
20091124
20091125
20091126
20091127
20091128
20091129
20091130
20091201
20091202
20091203
20091204
20091205
20091206
20091207
20091208
20091209
20091210
20091211
20091212
20091213
20091214
20091215
20091216
20091217
20091218
20091219
20091220
20091221
20091222
20091223
20091224
20091225
20091226
20091227
20091228
20091229
20091230
20091231
20100101
20100102
20100103
20100104
20100105
20100106
20100107
20100108
20100109
20100110
20100111
20100112
20100113
20100114
20100115
20100116
20100117
20100118
20100119
20100120
20100121
20100122
20100123
20100124
20100125
20100126
20100127
20100128
20100129
20100130
20100131
20100201
20100202
20100203
20100204
20100205
20100206
20100207
20100208
20100209
20100210
20100211
20100212
20100213
20100214
20100215
20100216
20100217
20100218
20100219
20100220
20100221
20100222
20100223
20100224
20100225
20100226
20100227
20100228
20100301
20100302
20100303
20100304
20100305
20100306
20100307
20100308
20100309
20100310
20100311
20100312
20100313
20100314
20100315
20100316
20100317
20100318
20100319
20100320
20100321
20100322
20100323
20100324
20100325
20100326
20100327
20100328
20100329
20100330
20100331
20100401
20100402
20100403
20100404
20100405
20100406
20100407
20100408
20100409
20100410
20100411
20100412
20100413
20100414
20100415
20100416
20100417
20100418
20100419
20100420
20100421
20100422
20100423
20100424
20100425
20100426
20100427
20100428
20100429
20100430
20100501
20100502
20100503
20100504
20100505
20100506
20100507
20100508
20100509
20100510
20100511
20100512
20100513
20100514
20100515
20100516
20100517
20100518
20100519
20100520
20100521
20100522
20100523
20100524
20100525
20100526
20100527
20100528
20100529
20100530
20100531
20100601
20100602
20100603
20100604
20100605
20100606
20100607
20100608
20100609
20100610
20100611
20100612
20100613
20100614
20100615
20100616
20100617
20100618
20100619
20100620
20100621
20100622
20100623
20100624
20100625
20100626
20100627
20100628
20100629
20100630
20100701
20100702
20100703
20100704
20100705
20100706
20100707
20100708
20100709
20100710
20100711
20100712
20100713
20100714
20100715
20100716
20100717
20100718
20100719
20100720
20100721
20100722
20100723
20100724
20100725
20100726
20100727
20100728
20100729
20100730
20100731
20100801
20100802
20100803
20100804
20100805
20100806
20100807
20100808
20100809
20100810
20100811
20100812
20100813
20100814
20100815
20100816
20100817
20100818
20100819
20100820
20100821
20100822
20100823
20100824
20100825
20100826
20100827
20100828
20100829
20100830
20100831
20100901
20100902
20100903
20100904
20100905
20100906
20100907
20100908
20100909
20100910
20100911
20100912
20100913
20100914
20100915
20100916
20100917
20100918
20100919
20100920
20100921
20100922
20100923
20100924
20100925
20100926
20100927
20100928
20100929
20100930
20101001
20101002
20101003
20101004
20101005
20101006
20101007
20101008
20101009
20101010
20101011
20101012
20101013
20101014
20101015
20101016
20101017
20101018
20101019
20101020
20101021
20101022
20101023
20101024
20101025
20101026
20101027
20101028
20101029
20101030
20101031
20101101
20101102
20101103
20101104
20101105
20101106
20101107
20101108
20101109
20101110
20101111
20101112
20101113
20101114
20101115
20101116
20101117
20101118
20101119
20101120
20101121
20101122
20101123
20101124
20101125
20101126
20101127
20101128
20101129
20101130
20101201
20101202
20101203
20101204
20101205
20101206
20101207
20101208
20101209
20101210
20101211
20101212
20101213
20101214
20101215
20101216
20101217
20101218
20101219
20101220
20101221
20101222
20101223
20101224
20101225
20101226
20101227
20101228
20101229
20101230
20101231
20110101
20110102
20110103
20110104
20110105
20110106
20110107
20110108
20110109
20110110
20110111
20110112
20110113
20110114
20110115
20110116
20110117
20110118
20110119
20110120
20110121
20110122
20110123
20110124
20110125
20110126
20110127
20110128
20110129
20110130
20110131
20110201
20110202
20110203
20110204
20110205
20110206
20110207
20110208
20110209
20110210
20110211
20110212
20110213
20110214
20110215
20110216
20110217
20110218
20110219
20110220
20110221
20110222
20110223
20110224
20110225
20110226
20110227
20110228
20110301
20110302
20110303
20110304
20110305
20110306
20110307
20110308
20110309
20110310
20110311
20110312
20110313
20110314
20110315
20110316
20110317
20110318
20110319
20110320
20110321
20110322
20110323
20110324
20110325
20110326
20110327
20110328
20110329
20110330
20110331
20110401
20110402
20110403
20110404
20110405
20110406
20110407
20110408
20110409
20110410
20110411
20110412
20110413
20110414
20110415
20110416
20110417
20110418
20110419
20110420
20110421
20110422
20110423
20110424
20110425
20110426
20110427
20110428
20110429
20110430
20110501
20110502
20110503
20110504
20110505
20110506
20110507
20110508
20110509
20110510
20110511
20110512
20110513
20110514
20110515
20110516
20110517
20110518
20110519
20110520
20110521
20110522
20110523
20110524
20110525
20110526
20110527
20110528
20110529
20110530
20110531
20110601
20110602
20110603
20110604
20110605
20110606
20110607
20110608
20110609
20110610
20110611
20110612
20110613
20110614
20110615
20110616
20110617
20110618
20110619
20110620
20110621
20110622
20110623
20110624
20110625
20110626
20110627
20110628
20110629
20110630
20110701
20110702
20110703
20110704
20110705
20110706
20110707
20110708
20110709
20110710
20110711
20110712
20110713
20110714
20110715
20110716
20110717
20110718
20110719
20110720
20110721
20110722
20110723
20110724
20110725
20110726
20110727
20110728
20110729
20110730
20110731
20110801
20110802
20110803
20110804
20110805
20110806
20110807
20110808
20110809
20110810
20110811
20110812
20110813
20110814
20110815
20110816
20110817
20110818
20110819
20110820
20110821
20110822
20110823
20110824
20110825
20110826
20110827
20110828
20110829
20110830
20110831
20110901
20110902
20110903
20110904
20110905
20110906
20110907
20110908
20110909
20110910
20110911
20110912
20110913
20110914
20110915
20110916
20110917
20110918
20110919
20110920
20110921
20110922
20110923
20110924
20110925
20110926
20110927
20110928
20110929
20110930
20111001
20111002
20111003
20111004
20111005
20111006
20111007
20111008
20111009
20111010
20111011
20111012
20111013
20111014
20111015
20111016
20111017
20111018
20111019
20111020
20111021
20111022
20111023
20111024
20111025
20111026
20111027
20111028
20111029
20111030
20111031
20111101
20111102
20111103
20111104
20111105
20111106
20111107
20111108
20111109
20111110
20111111
20111112
20111113
20111114
20111115
20111116
20111117
20111118
20111119
20111120
20111121
20111122
20111123
20111124
20111125
20111126
20111127
20111128
20111129
20111130
20111201
20111202
20111203
20111204
20111205
20111206
20111207
20111208
20111209
20111210
20111211
20111212
20111213
20111214
20111215
20111216
20111217
20111218
20111219
20111220
20111221
20111222
20111223
20111224
20111225
20111226
20111227
20111228
20111229
20111230
20111231
20120101
20120102
20120103
20120104
20120105
20120106
20120107
20120108
20120109
20120110
20120111
20120112
20120113
20120114
20120115
20120116
20120117
20120118
20120119
20120120
20120121
20120122
20120123
20120124
20120125
20120126
20120127
20120128
20120129
20120130
20120131
20120201
20120202
20120203
20120204
20120205
20120206
20120207
20120208
20120209
20120210
20120211
20120212
20120213
20120214
20120215
20120216
20120217
20120218
20120219
20120220
20120221
20120222
20120223
20120224
20120225
20120226
20120227
20120228
20120229
20120301
20120302
20120303
20120304
20120305
20120306
20120307
20120308
20120309
20120310
20120311
20120312
20120313
20120314
20120315
20120316
20120317
20120318
20120319
20120320
20120321
20120322
20120323
20120324
20120325
20120326
20120327
20120328
20120329
20120330
20120331
20120401
20120402
20120403
20120404
20120405
20120406
20120407
20120408
20120409
20120410
20120411
20120412
20120413
20120414
20120415
20120416
20120417
20120418
20120419
20120420
20120421
20120422
20120423
20120424
20120425
20120426
20120427
20120428
20120429
20120430
20120501
20120502
20120503
20120504
20120505
20120506
20120507
20120508
20120509
20120510
20120511
20120512
20120513
20120514
20120515
20120516
20120517
20120518
20120519
20120520
20120521
20120522
20120523
20120524
20120525
20120526
20120527
20120528
20120529
20120530
20120531
20120601
20120602
20120603
20120604
20120605
20120606
20120607
20120608
20120609
20120610
20120611
20120612
20120613
20120614
20120615
20120616
20120617
20120618
20120619
20120620
20120621
20120622
20120623
20120624
20120625
20120626
20120627
20120628
20120629
20120630
20120701
20120702
20120703
20120704
20120705
20120706
20120707
20120708
20120709
20120710
20120711
20120712
20120713
20120714
20120715
20120716
20120717
20120718
20120719
20120720
20120721
20120722
20120723
20120724
20120725
20120726
20120727
20120728
20120729
20120730
20120731
20120801
20120802
20120803
20120804
20120805
20120806
20120807
20120808
20120809
20120810
20120811
20120812
20120813
20120814
20120815
20120816
20120817
20120818
20120819
20120820
20120821
20120822
20120823
20120824
20120825
20120826
20120827
20120828
20120829
20120830
20120831
20120901
20120902
20120903
20120904
20120905
20120906
20120907
20120908
20120909
20120910
20120911
20120912
20120913
20120914
20120915
20120916
20120917
20120918
20120919
20120920
20120921
20120922
20120923
20120924
20120925
20120926
20120927
20120928
20120929
20120930
20121001
20121002
20121003
20121004
20121005
20121006
20121007
20121008
20121009
20121010
20121011
20121012
20121013
20121014
20121015
20121016
20121017
20121018
20121019
20121020
20121021
20121022
20121023
20121024
20121025
20121026
20121027
20121028
20121029
20121030
20121031
20121101
20121102
20121103
20121104
20121105
20121106
20121107
20121108
20121109
20121110
20121111
20121112
20121113
20121114
20121115
20121116
20121117
20121118
20121119
20121120
20121121
20121122
20121123
20121124
20121125
20121126
20121127
20121128
20121129
20121130
20121201
20121202
20121203
20121204
20121205
20121206
20121207
20121208
20121209
20121210
20121211
20121212
20121213
20121214
20121215
20121216
20121217
20121218
20121219
20121220
20121221
20121222
20121223
20121224
20121225
20121226
20121227
20121228
20121229
20121230
20121231
20130101
20130102
20130103
20130104
20130105
20130106
20130107
20130108
20130109
20130110
20130111
20130112
20130113
20130114
20130115
20130116
20130117
20130118
20130119
20130120
20130121
20130122
20130123
20130124
20130125
20130126
20130127
20130128
20130129
20130130
20130131
20130201
20130202
20130203
20130204
20130205
20130206
20130207
20130208
20130209
20130210
20130211
20130212
20130213
20130214
20130215
20130216
20130217
20130218
20130219
20130220
20130221
20130222
20130223
20130224
20130225
20130226
20130227
20130228
20130301
20130302
20130303
20130304
20130305
20130306
20130307
20130308
20130309
20130310
20130311
20130312
20130313
20130314
20130315
20130316
20130317
20130318
20130319
20130320
20130321
20130322
20130323
20130324
20130325
20130326
20130327
20130328
20130329
20130330
20130331
20130401
20130402
20130403
20130404
20130405
20130406
20130407
20130408
20130409
20130410
20130411
20130412
20130413
20130414
20130415
20130416
20130417
20130418
20130419
20130420
20130421
20130422
20130423
20130424
20130425
20130426
20130427
20130428
20130429
20130430
20130501
20130502
20130503
20130504
20130505
20130506
20130507
20130508
20130509
20130510
20130511
20130512
20130513
20130514
20130515
20130516
20130517
20130518
20130519
20130520
20130521
20130522
20130523
20130524
20130525
20130526
20130527
20130528
20130529
20130530
20130531
20130601
20130602
20130603
20130604
20130605
20130606
20130607
20130608
20130609
20130610
20130611
20130612
20130613
20130614
20130615
20130616
20130617
20130618
20130619
20130620
20130621
20130622
20130623
20130624
20130625
20130626
20130627
20130628
20130629
20130630
20130701
20130702
20130703
20130704
20130705
20130706
20130707
20130708
20130709
20130710
20130711
20130712
20130713
20130714
20130715
20130716
20130717
20130718
20130719
20130720
20130721
20130722
20130723
20130724
20130725
20130726
20130727
20130728
20130729
20130730
20130731
20130801
20130802
20130803
20130804
20130805
20130806
20130807
20130808
20130809
20130810
20130811
20130812
20130813
20130814
20130815
20130816
20130817
20130818
20130819
20130820
20130821
20130822
20130823
20130824
20130825
20130826
20130827
20130828
20130829
20130830
20130831
20130901
20130902
20130903
20130904
20130905
20130906
20130907
20130908
20130909
20130910
20130911
20130912
20130913
20130914
20130915
20130916
20130917
20130918
20130919
20130920
20130921
20130922
20130923
20130924
20130925
20130926
20130927
20130928
20130929
20130930
20131001
20131002
20131003
20131004
20131005
20131006
20131007
20131008
20131009
20131010
20131011
20131012
20131013
20131014
20131015
20131016
20131017
20131018
20131019
20131020
20131021
20131022
20131023
20131024
20131025
20131026
20131027
20131028
20131029
20131030
20131031
20131101
20131102
20131103
20131104
20131105
20131106
20131107
20131108
20131109
20131110
20131111
20131112
20131113
20131114
20131115
20131116
20131117
20131118
20131119
20131120
20131121
20131122
20131123
20131124
20131125
20131126
20131127
20131128
20131129
20131130
20131201
20131202
20131203
20131204
20131205
20131206
20131207
20131208
20131209
20131210
20131211
20131212
20131213
20131214
20131215
20131216
20131217
20131218
20131219
20131220
20131221
20131222
20131223
20131224
20131225
20131226
20131227
20131228
20131229
20131230
20131231
20140101
20140102
20140103
20140104
20140105
20140106
20140107
20140108
20140109
20140110
20140111
20140112
20140113
20140114
20140115
20140116
20140117
20140118
20140119
20140120
20140121
20140122
20140123
20140124
20140125
20140126
20140127
20140128
20140129
20140130
20140131
20140201
20140202
20140203
20140204
20140205
20140206
20140207
20140208
20140209
20140210
20140211
20140212
20140213
20140214
20140215
20140216
20140217
20140218
20140219
20140220
20140221
20140222
20140223
20140224
20140225
20140226
20140227
20140228
20140301
20140302
20140303
20140304
20140305
20140306
20140307
20140308
20140309
20140310
20140311
20140312
20140313
20140314
20140315
20140316
20140317
20140318
20140319
20140320
20140321
20140322
20140323
20140324
20140325
20140326
20140327
20140328
20140329
20140330
20140331
20140401
20140402
20140403
20140404
20140405
20140406
20140407
20140408
20140409
20140410
20140411
20140412
20140413
20140414
20140415
20140416
20140417
20140418
20140419
20140420
20140421
20140422
20140423
20140424
20140425
20140426
20140427
20140428
20140429
20140430
20140501
20140502
20140503
20140504
20140505
20140506
20140507
20140508
20140509
20140510
20140511
20140512
20140513
20140514
20140515
20140516
20140517
20140518
20140519
20140520
20140521
20140522
20140523
20140524
20140525
20140526
20140527
20140528
20140529
20140530
20140531
20140601
20140602
20140603
20140604
20140605
20140606
20140607
20140608
20140609
20140610
20140611
20140612
20140613
20140614
20140615
20140616
20140617
20140618
20140619
20140620
20140621
20140622
20140623
20140624
20140625
20140626
20140627
20140628
20140629
20140630
20140701
20140702
20140703
20140704
20140705
20140706
20140707
20140708
20140709
20140710
20140711
20140712
20140713
20140714
20140715
20140716
20140717
20140718
20140719
20140720
20140721
20140722
20140723
20140724
20140725
20140726
20140727
20140728
20140729
20140730
20140731
20140801
20140802
20140803
20140804
20140805
20140806
20140807
20140808
20140809
20140810
20140811
20140812
20140813
20140814
20140815
20140816
20140817
20140818
20140819
20140820
20140821
20140822
20140823
20140824
20140825
20140826
20140827
20140828
20140829
20140830
20140831
20140901
20140902
20140903
20140904
20140905
20140906
20140907
20140908
20140909
20140910
20140911
20140912
20140913
20140914
20140915
20140916
20140917
20140918
20140919
20140920
20140921
20140922
20140923
20140924
20140925
20140926
20140927
20140928
20140929
20140930
20141001
20141002
20141003
20141004
20141005
20141006
20141007
20141008
20141009
20141010
20141011
20141012
20141013
20141014
20141015
20141016
20141017
20141018
20141019
20141020
20141021
20141022
20141023
20141024
20141025
20141026
20141027
20141028
20141029
20141030
20141031
20141101
20141102
20141103
20141104
20141105
20141106
20141107
20141108
20141109
20141110
20141111
20141112
20141113
20141114
20141115
20141116
20141117
20141118
20141119
20141120
20141121
20141122
20141123
20141124
20141125
20141126
20141127
20141128
20141129
20141130
20141201
20141202
20141203
20141204
20141205
20141206
20141207
20141208
20141209
20141210
20141211
20141212
20141213
20141214
20141215
20141216
20141217
20141218
20141219
20141220
20141221
20141222
20141223
20141224
20141225
20141226
20141227
20141228
20141229
20141230
20141231
